Encryption Decryption
4.225727   22.891619
3.737939   24.732041
4.271902   24.891904
3.656779   22.966509
3.566576   22.508557
3.601404   23.224924
4.495800   22.583263
3.945944   22.768572
4.056266   22.971562
4.133205   22.770975
3.687593   23.463944
3.973983   22.426863
3.559361   23.047698
3.825133   22.032800
3.765874   23.440402
3.942187   23.888820
3.945387   24.855182
4.686663   22.676275
3.718672   22.978825
4.604014   23.758643
3.823133   23.638104
4.778069   22.613824
4.057739   22.441944
3.725237   22.842749
3.797038   21.919639
3.648508   22.898255
3.526560   22.572185
3.692254   23.430823
3.654950   21.963457
3.725479   22.223452
4.053539   22.359266
3.774742   21.644434
3.642077   22.882669
3.567626   21.973034
3.672440   22.771032
3.526038   22.104538
3.717808   22.906408
3.596646   24.104179
3.655315   22.851713
4.244389   21.675298
3.578875   22.182132
4.523495   24.346475
3.710286   22.933261
3.570714   23.350611
3.951637   22.778898
3.646855   23.014094
3.709751   22.181896
3.624492   22.449317
3.703684   24.505096
4.584991   23.979928
3.710718   22.491261
3.996753   21.716014
4.207127   23.115943
3.844325   21.859884
3.621962   23.520346
3.945625   22.397412
3.982629   23.642011
3.518367   22.434354
3.718810   23.194962
4.248275   23.136571
3.804133   23.730084
4.593872   23.062817
3.529432   21.892747
4.066413   22.440270
4.011367   22.981215
3.910172   23.668478
3.695246   21.960984
3.529156   22.738524
3.817659   22.589222
3.696438   23.013332
3.853345   22.679064
3.748452   22.270218
4.434069   22.152663
4.389865   22.868109
3.894498   22.376097
4.108377   22.281049
3.796112   24.695636
4.002985   26.107530
4.475843   24.080757
4.149050   23.929298
4.226427   24.083954
3.604159   24.791730
4.023160   24.359909
4.428089   23.072929
3.867017   22.907602
4.021844   22.488425
3.612568   23.714795
3.658238   21.985226
3.539033   23.671752
4.319775   24.163295
4.236196   24.060255
4.321696   22.896570
4.268997   22.880170
4.314192   22.466337
4.570663   23.061472
3.567417   23.380567
3.531474   23.074473
4.072458   22.583050
4.299689   24.096916
4.959631   24.265188
